238.4,
244.6,
250.8,
257,
263.2,
269.4,
275.6,
281.8,
288,
294.2,
300.4,
306.6,
312.8,
319,
325.2,
331.4,
337.6,
343.8,
350,
356.2,
362.4,
368.6,
374.8,
381,
387.2,
393.4,
399.6,
405.8,
412,
418.2,
424.4,
430.6,
436.8,
443,
449.1,
455.3,
461.4,
467.6,
473.7,
479.9,
486,
492.2,
498.3,
504.5,
510.6,
516.8,
522.9,
529.1,
535.2,
541.4,
547.5,
553.7,
559.8,
566,
572.1,
578.3,
584.4,
590.6,
596.8,
602.9,
609.1,
615.2,
621.4,
627.5,
633.7,
639.8,
646,
652.1,
658.3,
664.4,
670.6,
676.7,
682.9,
689,
695.2,
701.3,
707.5,
713.6,
719.8,
725.9,
732.1,
738.2,
744.4,
750.6,
756.7,
762.9,
769,
775.2,
781.3,
787.5,
793.6,
799.8,
805.9,
812.1,
818.2,
824.4,
830.5,
836.7,
842.8,
849,
855.1,
861.3,
867.4,
873.6,
879.7,
885.9,
892,
898.2,
904.4,
910.5,
916.7,
922.8,
929,
935.1,
941.3,
947.4,
953.6,
959.7,
965.9,
972,
978.2,
984.3,
990.5,
996.6,
1003,
1009,
1015,
1021,
1027,
1034,
1040,
1046,
1052,
