0.00004
0.00004
0.00004
0.00004
0.00004
0.00004
0.00004
0.00004
0.00004
0.00004
0.00004
0.00004
0.00004
0.00004
0.00004
0.00004
0.00004
0.00004
0.00004
0.00004
0.00004
0.00004
0.00004
0.00004
0.00004
0.00004
0.00004
0.00004
0.00004
0.00004
0.00004
0.00004
0.00004
0.00004
0.00004
0.00004
0.00004
0.00004
0.00004
0.00004
0.00004
0.00004
0.00004
0.00004
0.00004
0.00004
0.00004
0.00004
0.00004
0.00004
0.00004
0.00004
0.00004
0.00004
0.00004
0.00004
0.00004
0.00004
0.00004
0.00004
0.00004
0.00004
0.00004
0.00004
0.00004
0.00004
0.00004
0.00004
0.00004
0.00004
0.00004
0.00004
0.00004
0.00004
0.00004
0.00004
0.00004
0.00004
0.00004
0.00004
0.00004
0.00004
0.00004
0.00004
0.00004
0.00004
0.00004
0.00004
0.00004
0.00004
0.00004
0.00004
0.00004
0.00004
0.00004
0.00004
0.00004
0.00004
0.00004
0.00004
0.00004
0.00004
0.00004
0.00004
0.00004
0.00004
0.00004
0.00004
0.00004
0.00004
0.00004
0.00004
0.00004
0.00004
0.00004
0.00004
0.00004
0.00004
0.00004
0.00004
0.00004
0.00004
0.00004
0.00004
0.00004
0.00004
0.00004
0.00004
0.00004
0.00004
0.00004
0.00004
0.00004
0.00004
0.00004
0.00004
0.00004
0.00004
0.00004
0.00004
0.00004
0.00004
0.00004
0.00004
0.00004
0.00004
0.00004
0.00004
0.00004
0.00004
0.00045
0.00045
0.00045
0.00045
0.00045
0.00045
0.00045
0.00045
0.00045
0.00045
0.00045
0.00045
0.00045
0.00045
0.00046
0.00046
0.00046
0.00050
0.00050
0.00050
0.00053
0.00053
0.00053
0.00059
0.00059
0.00059
0.00063
0.00063
0.00063
0.00007
0.00007
0.00007
0.00077
0.00083
0.00088
0.00097
0.00105
0.00117
0.00131
0.00150
0.00178
0.00211
0.00236
0.00264
0.00339
0.00413
0.00502
0.00594
0.00856
0.01198
0.01378
0.01677
0.01984
0.02482
0.02551
0.03019
0.03673
0.04470
0.05142
0.05593
0.06805
0.08281
0.10363
0.11580
0.22241
0.34189
0.38640
0.45085
0.64776
0.85170
0.99210
1.16045
1.31491
1.32733
1.49975
1.65421
1.70338
1.76355
1.84772
1.87897
1.95620
1.97963
2.00306
2.01868
2.02475
2.04905
2.06380
2.08724
2.10286
2.13410
2.14972
2.16534
2.16534
2.18096
2.19658
2.22782
2.24345
2.24345
2.26688
2.27469
2.29811
2.31200
2.33543
2.33543
2.35105
2.38228
2.36666
2.41353
2.42221
2.42916
2.43697
2.44478
2.47602
2.48383
2.50726
2.50726
2.53849
2.54630
2.54630
2.56192
2.57754
2.58535
2.63221
2.65564
2.64002
2.62440
2.65564
2.66345
2.66345
2.66345
2.71812
2.74937
2.77280
2.77280
2.78061
2.81185
2.81966
2.78842
2.78842
2.84309
2.85871
2.85871
2.87433
2.85871
2.87433
2.88214
2.92899
2.93680
2.91337
2.94461
2.96023
2.96804
2.96023
2.94461
3.00709
3.00709
3.03052
3.01490
2.99147
3.01490
3.05395
3.07738
3.07738
3.06176
3.03833
3.06176
3.10862
3.10862
3.08519
3.10081
3.12718
3.12718
3.11999
3.11999
3.11999
3.11281
3.11281
3.10565
3.10565
3.09138
3.08428
3.08428
3.08428
3.09138
3.09851
3.11281
3.12718
3.12718
3.14161
3.15611
3.15611
3.15611
3.15611
3.16338
3.16338
3.16338
3.17067
3.17067
3.17067
3.17067
3.17067
3.17067
3.17067
3.17067
3.17067
3.17067
3.17067
3.17067
3.17067
3.17067
3.17067
3.17067
3.17067
3.17067
3.17067
3.17067
3.17067
3.17067
3.17067
3.17067
3.17067
3.17067
3.17067
3.17798
3.18530
3.18530
3.18530
3.19265
3.19265
3.19265
3.19265
3.19265
3.19265
3.19265
3.19265
3.18530
3.18530
3.18530
3.18530
3.17798
3.17798
3.17067
3.16338
3.16338
3.14886
3.14886
3.12718
3.11281
3.08428
3.06305
3.06305
3.02799
2.99333
2.95907
2.93194
2.91176
2.87182
2.85205
2.84549
2.86521
2.91176
2.93870
3.00715
3.04196
3.08428
3.12718
3.14886
3.17798
3.17798
3.17798
3.19265
3.19265
3.19265
3.19265
3.19265
3.19265
3.19265
3.19265
3.19265
3.19265
3.19265
3.18530
3.18530
3.18530
3.17067
3.17067
3.16338
3.16338
3.14161
3.14161
3.14161
3.12718
3.12718
3.11281
3.11281
3.10565
3.10565
3.10565
3.10565
3.10565
3.11999
3.11999
3.14161
3.14161
3.15611
3.15611
3.15611
3.17798
3.17798
3.17798
3.18530
3.18530
3.18530
3.19265
3.19265
3.19265
3.20000
3.20000
3.20000
3.20000
3.20000
3.20739
3.20739
3.21477
3.21477
3.21477
3.20739
3.20739
3.20739
3.19265
3.19265
3.19265
3.17067
3.17067
3.17067
3.14886
3.14886
3.12718
3.12718
3.09138
3.09138
3.09138
3.06305
3.02799
3.02799
2.99333
2.95907
2.91847
2.87844
2.87844
2.87844
