1.800
1.783
1.768
1.755
1.743
1.732
1.723
1.714
1.705
1.698
1.691
1.685
1.679
1.674
1.669
1.664
1.660
1.656
1.652
1.648
1.645
1.642
1.639
1.636
1.634
1.631
1.629
1.627
1.624
1.622
1.620
1.619
1.617
1.615
1.614
1.612
1.611
1.610
1.608
1.607
1.606
1.605
1.604
1.603
1.602
1.601
1.600
1.599
1.598
1.597
1.596
1.595
1.595
1.594
1.593
1.593
1.592
1.591
1.591
1.590
1.590
1.589
1.588
1.588
1.587
1.587
1.587
1.586
1.586
1.585
1.585
1.584
1.584
1.584
1.583
1.583
1.582
1.582
1.582
1.581
1.581
1.581
1.581
1.580
1.580
1.580
1.579
1.579
1.579
1.579
1.578
1.578
1.578
1.578
1.577
1.577
1.577
1.577
1.577
1.576
1.576
1.576
1.576
1.576
1.576
1.575
1.575
1.575
1.575
1.575
1.575
1.574
1.574
1.574
1.574
1.574
1.574
1.573
1.573
1.573
1.573
1.573
1.573
1.573
1.573
1.572
1.572
1.572
1.572
1.572
1.572
1.572
1.572
